100 100
2373241  2418359  3701150  4040582  4600047  4901685  4947727  6316758  6341673  6392689  7781800  8153328  8269030  8977796  9874423  11351919  12048660  13523059  14980504  15477629  16323901  16677128  17494031  18012214  18894789  19010644  19093241  24164031  24931974  25967496  26609895  27136158  28190733  28728007  30007203  30940428  32567024  32900450  33423031  36709488  36927809  37053151  37675988  38088520  39434736  39630260  40000712  40035615  42964532  44828063  47015476  48259465  49773141  51271627  54874375  55325198  58684942  59343423  60276732  61438533  61912165  62444964  63447441  63540338  64591587  65392230  65436605  66144055  70727118  71427133  71632796  71793561  72520151  72669672  73198919  73425424  74453827  74810744  76053848  76303472  77669048  79334003  80001544  83559998  85845465  86487245  87370976  87712161  88485347  88512218  88834978  91555539  92733788  93350008  95234545  97386908  98442388  98520278  98520278  99732724 
I 42964532 60276732
I 26609895 38088520
I 8153328 16323901
I 8153328 19010644
I 63447441 72520151
I 39630260 54874375
I 87370976 97386908
I 92733788 99732724
I 2373241 6316758
I 76053848 87712161
I 4600047 6392689
I 11351919 26609895
I 49773141 71793561
I 32567024 39630260
I 72669672 79334003
I 6316758 8153328
D 8153328 19010644
D 87370976 97386908
D 2373241 6316758
D 92733788 99732724
I 2373241 4600047
I 93350008 98520278
D 32567024 39630260
I 88834978 99732724
I 70727118 80001544
I 37675988 39630260
D 49773141 71793561
I 86487245 99732724
D 11351919 26609895
I 11351919 26609895
D 8153328 16323901
I 3701150 15477629
D 93350008 98520278
I 59343423 63540338
D 2373241 4600047
D 26609895 38088520
I 25967496 32900450
I 2373241 2418359
I 27136158 37675988
D 76053848 87712161
D 37675988 39630260
D 25967496 32900450
D 59343423 63540338
D 3701150 15477629
I 2373241 8153328
I 6341673 16677128
I 51271627 63447441
I 37053151 54874375
I 83559998 87370976
D 27136158 37675988
I 26609895 36927809
D 42964532 60276732
D 6341673 16677128
I 73425424 88512218
D 11351919 26609895
I 4600047 17494031
I 17494031 25967496
D 6316758 8153328
I 36709488 37053151
D 2373241 2418359
D 4600047 6392689
D 51271627 63447441
D 63447441 72520151
I 24164031 26609895
D 70727118 80001544
D 88834978 99732724
I 40035615 62444964
D 17494031 25967496
I 61912165 72520151
D 40035615 62444964
D 37053151 54874375
I 14980504 18012214
D 24164031 26609895
I 11351919 19010644
I 36709488 47015476
I 47015476 63540338
D 39630260 54874375
I 71793561 74453827
D 47015476 63540338
I 37675988 51271627
I 51271627 70727118
I 17494031 27136158
D 61912165 72520151
D 11351919 19010644
D 36709488 37053151
D 17494031 27136158
D 73425424 88512218
I 61912165 74810744
I 19093241 28728007
D 86487245 99732724
I 95234545 99732724
D 71793561 74453827
D 4600047 17494031
I 80001544 88512218
I 15477629 28728007
I 88512218 98442388
D 51271627 70727118
D 61912165 74810744
I 65392230 71632796
I 55325198 62444964
